5 0.4375 0.7703125 0.1453125 0.459375
5 0.27890625 0.3671875 0.040625 0.1734375
5 0.7 0.5875 0.11015625 0.28359375
5 0.1953125 0.384375 0.0390625 0.18046875
5 0.94296875 0.7796875 0.1140625 0.440625
5 0.8203125 0.621875 0.134375 0.2765625
5 0.6203125 0.48828125 0.06796875 0.23203125
5 0.521875 0.41875 0.06015625 0.2015625
5 0.46953125 0.378125 0.04375 0.1734375
5 0.4953125 0.32265625 0.0359375 0.134375
5 0.403125 0.31484375 0.03515625 0.1375
5 0.378125 0.275 0.02421875 0.11953125
5 0.3484375 0.2390625 0.02421875 0.096875
5 0.37734375 0.221875 0.021875 0.0609375
5 0.2984375 0.24453125 0.02421875 0.09140625
0 0.2109375 0.1328125 0.02734375 0.084375
5 0.2859375 0.18828125 0.015625 0.06796875
2 0.325 0.16640625 0.03515625 0.053125