2 0.321875 0.1671875 0.03046875 0.0484375
5 0.40234375 0.71171875 0.1375 0.47890625
5 0.74453125 0.6125 0.1234375 0.296875
5 0.8734375 0.640625 0.140625 0.27890625
5 0.834375 0.528125 0.08984375 0.1859375
5 0.6484375 0.50234375 0.08125 0.240625
5 0.5421875 0.4421875 0.0640625 0.209375
5 0.4828125 0.3984375 0.04765625 0.18359375
5 0.50625 0.33828125 0.03984375 0.14296875
5 0.41015625 0.31015625 0.0328125 0.14296875
5 0.35234375 0.23203125 0.025 0.09453125
5 0.3015625 0.24140625 0.02421875 0.09453125
5 0.275 0.353125 0.0390625 0.1609375
5 0.190625 0.3703125 0.040625 0.1765625
5 0.33828125 0.19453125 0.0171875 0.071875