5 0.3765625 0.70234375 0.13359375 0.4984375
5 0.26796875 0.340625 0.0328125 0.15546875
5 0.4171875 0.3265625 0.03515625 0.15
5 0.4921875 0.415625 0.04921875 0.19609375
5 0.56015625 0.4578125 0.0671875 0.2125
5 0.521875 0.35390625 0.03828125 0.15
5 0.67421875 0.5265625 0.090625 0.2609375
5 0.7828125 0.628125 0.13125 0.31796875
5 0.91015625 0.66171875 0.1375 0.3125
5 0.1890625 0.3609375 0.03671875 0.16953125
5 0.3921875 0.284375 0.03046875 0.1265625
5 0.3546875 0.240625 0.02421875 0.09609375
5 0.30625 0.25078125 0.02578125 0.0984375
2 0.3265625 0.16484375 0.02890625 0.0515625
0 0.2109375 0.225 0.025 0.0859375