5 0.3078125 0.65859375 0.10234375 0.36640625
5 0.1859375 0.33125 0.0328125 0.14609375
5 0.25703125 0.303125 0.034375 0.1375
5 0.625 0.478125 0.08828125 0.24296875
5 0.5421875 0.4484375 0.0625 0.221875
5 0.440625 0.36328125 0.04296875 0.165625
5 0.41796875 0.3109375 0.034375 0.1390625
5 0.321875 0.27890625 0.0328125 0.10546875
5 0.3609375 0.253125 0.02578125 0.10390625
5 0.353125 0.18828125 0.02265625 0.0765625
5 0.31875 0.21015625 0.02421875 0.0734375
2 0.275 0.15859375 0.0453125 0.0640625
2 0.32265625 0.175 0.0375 0.053125
2 0.303125 0.146875 0.02265625 0.04296875
5 0.55546875 0.39375 0.0484375 0.1484375
5 0.78515625 0.59296875 0.134375 0.28359375
5 0.878125 0.575 0.09140625 0.2609375
5 0.92421875 0.7171875 0.15 0.3484375