5 0.4453125 0.8421875 0.15078125 0.315625
2 0.3015625 0.1921875 0.05390625 0.09296875
5 0.9078125 0.771875 0.17890625 0.45546875
5 0.25 0.2328125 0.01953125 0.0875
5 0.6078125 0.515625 0.09296875 0.2515625
5 0.2 0.44296875 0.04453125 0.221875
5 0.3921875 0.37578125 0.04296875 0.1625
2 0.33125 0.16796875 0.03046875 0.05546875
5 0.1953125 0.253125 0.02421875 0.109375
5 0.490625 0.35546875 0.0421875 0.153125
5 0.53828125 0.440625 0.0671875 0.21953125
5 0.7890625 0.60625 0.121875 0.2765625
5 0.871875 0.565625 0.09765625 0.26640625
5 0.39375 0.1046875 0.01796875 0.0375
5 0.375 0.1515625 0.021875 0.10546875
5 0.3953125 0.16015625 0.02578125 0.0765625