5 0.3765625 0.80390625 0.13828125 0.39140625
5 0.840625 0.64375 0.1328125 0.2875
5 0.19921875 0.4203125 0.0515625 0.209375
5 0.5609375 0.465625 0.0625 0.228125
5 0.25078125 0.22578125 0.0203125 0.0875
2 0.309375 0.19375 0.05703125 0.090625
5 0.4078125 0.390625 0.04609375 0.16796875
5 0.50703125 0.37265625 0.040625 0.1515625
5 0.6453125 0.56171875 0.09609375 0.2765625
5 0.940625 0.81953125 0.11796875 0.3609375
5 0.41015625 0.17109375 0.0234375 0.08046875
5 0.384375 0.159375 0.02265625 0.10859375
5 0.203125 0.25625 0.02421875 0.10390625
0 0.209375 0.20703125 0.0203125 0.078125