2 0.2890625 0.17890625 0.04921875 0.071875
2 0.3265625 0.1640625 0.03515625 0.046875
5 0.1859375 0.29140625 0.02890625 0.125
5 0.253125 0.259375 0.02421875 0.10859375
5 0.3515625 0.321875 0.04140625 0.14140625
5 0.35 0.22890625 0.03046875 0.078125
5 0.3765625 0.2859375 0.02578125 0.121875
5 0.371875 0.21484375 0.02109375 0.0625
5 0.45625 0.3015625 0.03515625 0.11953125
5 0.4703125 0.37109375 0.04453125 0.18359375
5 0.5171875 0.4390625 0.06171875 0.20859375
5 0.22109375 0.5171875 0.0703125 0.2765625
5 0.646875 0.4953125 0.07578125 0.1984375
5 0.690625 0.60859375 0.10546875 0.29140625
5 0.81875 0.6203125 0.13984375 0.29296875
5 0.8765625 0.56640625 0.08984375 0.275