5 0.8765625 0.7125 0.16796875 0.33359375
5 0.3234375 0.68046875 0.1078125 0.40859375
5 0.73828125 0.565625 0.1234375 0.2765625
5 0.1875 0.33515625 0.03515625 0.15703125
5 0.8421875 0.565625 0.0984375 0.1765625
5 0.2609375 0.3171875 0.034375 0.1484375
5 0.434375 0.3453125 0.03984375 0.159375
5 0.40625 0.309375 0.03359375 0.140625
5 0.359375 0.2578125 0.025 0.1015625
5 0.3140625 0.259375 0.03046875 0.10859375
0 0.209375 0.22421875 0.02421875 0.084375
2 0.27109375 0.1546875 0.0421875 0.0625
2 0.32109375 0.1671875 0.0328125 0.0484375
5 0.3484375 0.20234375 0.0171875 0.0765625
5 0.3078125 0.20390625 0.01953125 0.071875
5 0.596875 0.484375 0.08046875 0.23359375
5 0.521875 0.44921875 0.0578125 0.2125
5 0.546875 0.37578125 0.0390625 0.165625
5 0.96640625 0.71484375 0.0671875 0.2421875