5 0.521875 0.80390625 0.17265625 0.39140625
5 0.8203125 0.671875 0.140625 0.30546875
5 0.8890625 0.5734375 0.13203125 0.271875
5 0.7046875 0.52578125 0.08359375 0.24296875
5 0.60390625 0.50859375 0.0890625 0.25
5 0.5609375 0.40546875 0.04921875 0.175
5 0.46953125 0.3828125 0.05625 0.1765625
5 0.44140625 0.3265625 0.0390625 0.1359375
5 0.3796875 0.28359375 0.03515625 0.128125
5 0.30859375 0.41328125 0.05 0.20390625
5 0.2046875 0.4328125 0.04765625 0.20703125
5 0.2890625 0.2171875 0.0234375 0.0875
5 0.34296875 0.225 0.0234375 0.0859375
5 0.32890625 0.1921875 0.0171875 0.065625
2 0.3 0.15625 0.03671875 0.05390625