5 0.2046875 0.471875 0.06015625 0.240625
5 0.384375 0.36875 0.04453125 0.165625
5 0.75 0.47265625 0.1328125 0.24609375
5 0.8359375 0.734375 0.1640625 0.3515625
5 0.5296875 0.8953125 0.1328125 0.209375
5 0.48046875 0.32890625 0.046875 0.146875
5 0.5203125 0.4359375 0.05546875 0.2109375
5 0.58046875 0.5015625 0.0796875 0.24453125
5 0.196875 0.26015625 0.02421875 0.1125
2 0.3015625 0.18046875 0.05703125 0.09453125
2 0.328125 0.16796875 0.02890625 0.05859375
5 0.209375 0.17109375 0.0125 0.04453125
5 0.3703125 0.23515625 0.021875 0.0984375
5 0.38828125 0.11640625 0.0171875 0.05859375
5 0.865625 0.5703125 0.12265625 0.2765625
5 0.9546875 0.7640625 0.08984375 0.2640625