2 0.2953125 0.178125 0.05234375 0.07890625
5 0.778125 0.6578125 0.13515625 0.3234375
5 0.9203125 0.70078125 0.159375 0.315625
5 0.8578125 0.55390625 0.11796875 0.24140625
5 0.70625 0.528125 0.103125 0.24453125
5 0.5546875 0.4703125 0.075 0.2265625
5 0.50078125 0.40703125 0.0546875 0.19453125
5 0.4734375 0.3140625 0.04140625 0.13359375
5 0.3765625 0.35 0.04375 0.146875
5 0.2515625 0.240625 0.02265625 0.1015625
5 0.18828125 0.27578125 0.0265625 0.115625
5 0.2125 0.490625 0.06640625 0.246875
2 0.3296875 0.171875 0.0296875 0.0515625