5 0.8390625 0.64453125 0.153125 0.29453125
5 0.27421875 0.61328125 0.0859375 0.3625
5 0.4578125 0.37109375 0.05 0.16953125
5 0.65625 0.534375 0.0984375 0.253125
5 0.84921875 0.54296875 0.14375 0.228125
5 0.9546875 0.790625 0.08984375 0.25859375
5 0.1828125 0.31484375 0.0328125 0.140625
5 0.2578125 0.29609375 0.03046875 0.1359375
5 0.3265625 0.284375 0.0359375 0.11640625
5 0.3640625 0.25703125 0.02734375 0.10859375
5 0.421875 0.32265625 0.03984375 0.15390625
5 0.4203125 0.14921875 0.03125 0.0515625
5 0.32265625 0.20390625 0.025 0.071875
5 0.35625 0.20078125 0.02109375 0.0734375
2 0.32109375 0.165625 0.0390625 0.05546875
2 0.2734375 0.17265625 0.04375 0.06796875
5 0.5609375 0.48828125 0.06796875 0.2375
5 0.575 0.40078125 0.0546875 0.1484375