5 0.4578125 0.7328125 0.16015625 0.4375
5 0.9234375 0.73671875 0.153125 0.340625
5 0.87109375 0.5765625 0.109375 0.2390625
5 0.78359375 0.58828125 0.1171875 0.265625
5 0.66328125 0.5578125 0.103125 0.27890625
5 0.6046875 0.490625 0.0625 0.21953125
5 0.51171875 0.4125 0.0625 0.19453125
5 0.46484375 0.371875 0.0421875 0.16953125
5 0.48125 0.2234375 0.0296875 0.128125
5 0.39375 0.3078125 0.03046875 0.13203125
5 0.3765625 0.275 0.0265625 0.11640625
5 0.346875 0.2328125 0.02265625 0.090625
5 0.3703125 0.2171875 0.02421875 0.0734375
5 0.28828125 0.38203125 0.04375 0.18046875
5 0.1953125 0.40234375 0.04453125 0.190625
2 0.3203125 0.16875 0.03359375 0.05390625