2 0.2796875 0.1671875 0.04609375 0.065625
2 0.32421875 0.1703125 0.0359375 0.0515625
5 0.25546875 0.59609375 0.08125 0.321875
5 0.89921875 0.67265625 0.159375 0.3125
5 0.846875 0.55703125 0.14140625 0.25
5 0.69375 0.5515625 0.10703125 0.25859375
5 0.596875 0.51796875 0.07578125 0.246875
5 0.4671875 0.3859375 0.0515625 0.18359375
5 0.43671875 0.33828125 0.0390625 0.165625
5 0.36875 0.26484375 0.02734375 0.109375
5 0.33125 0.284375 0.03671875 0.1234375
5 0.2578125 0.2859375 0.02890625 0.125
5 0.184375 0.3109375 0.03203125 0.1359375